1.000000
8

1.000000	

-0.000786	
0.000499	
-0.003557	
0.004562	
0.000741	
-0.000454	
0.002285	
-0.000617	


0.000003	-0.000001	0.000001	-0.000007	-0.000002	0.000001	0.000000	0.000004	
-0.000001	0.000002	-0.000001	0.000004	0.000001	-0.000001	0.000000	-0.000002	
0.000001	-0.000001	0.000014	-0.000007	-0.000002	0.000001	-0.000010	-0.000003	
-0.000007	0.000004	-0.000007	0.000030	0.000005	-0.000003	0.000003	-0.000012	
-0.000002	0.000001	-0.000002	0.000005	0.000008	-0.000004	0.000005	-0.000005	
0.000001	-0.000001	0.000001	-0.000003	-0.000004	0.000003	-0.000003	0.000002	
0.000000	0.000000	-0.000010	0.000003	0.000005	-0.000003	0.000019	0.000007	
0.000004	-0.000002	-0.000003	-0.000012	-0.000005	0.000002	0.000007	0.000036	


