1.000000
8

1.000000	

-0.008951	
0.072690	
0.031724	
-0.063974	
0.003102	
-0.023213	
-0.020801	
0.034048	


0.000113	-0.000161	-0.000012	0.000070	-0.000104	0.000217	0.000010	-0.000045	
-0.000161	0.001709	0.000096	-0.000477	-0.000115	-0.000625	0.000332	-0.000381	
-0.000012	0.000096	0.000268	-0.000383	-0.000003	0.000033	-0.000269	0.000333	
0.000070	-0.000477	-0.000383	0.000642	-0.000019	0.000120	0.000320	-0.000434	
-0.000104	-0.000115	-0.000003	-0.000019	0.000524	-0.000997	-0.000423	0.000844	
0.000217	-0.000625	0.000033	0.000120	-0.000997	0.006451	0.001829	-0.004244	
0.000010	0.000332	-0.000269	0.000320	-0.000423	0.001829	0.001625	-0.002758	
-0.000045	-0.000381	0.000333	-0.000434	0.000844	-0.004244	-0.002758	0.005076	


