1.000000
8

1.000000	

0.000072	
-0.000166	
-0.000123	
-0.000029	
-0.000077	
0.000131	
0.000111	
0.000062	


0.000001	-0.000000	-0.000000	-0.000000	-0.000000	0.000000	0.000000	0.000000	
-0.000000	0.000001	0.000000	0.000000	0.000000	-0.000000	-0.000000	-0.000000	
-0.000000	0.000000	0.000001	0.000000	0.000000	-0.000000	-0.000000	-0.000000	
-0.000000	0.000000	0.000000	0.000001	0.000000	-0.000000	-0.000000	-0.000000	
-0.000000	0.000000	0.000000	0.000000	0.000003	-0.000004	-0.000003	-0.000002	
0.000000	-0.000000	-0.000000	-0.000000	-0.000004	0.000008	0.000006	0.000003	
0.000000	-0.000000	-0.000000	-0.000000	-0.000003	0.000006	0.000006	0.000003	
0.000000	-0.000000	-0.000000	-0.000000	-0.000002	0.000003	0.000003	0.000002	


