1.000000
8

1.000000	

-0.004637	
-0.054718	
0.005340	
0.010690	
-0.001274	
0.036070	
0.034819	
-0.054292	


0.000274	0.000009	-0.000170	0.000215	-0.000162	-0.000189	0.000119	-0.000109	
0.000009	0.001210	0.000429	-0.000888	0.000074	0.000107	-0.001181	0.001462	
-0.000170	0.000429	0.000810	-0.001152	0.000103	0.001009	-0.000849	0.000821	
0.000215	-0.000888	-0.001152	0.001728	-0.000149	-0.001290	0.001399	-0.001453	
-0.000162	0.000074	0.000103	-0.000149	0.001169	0.000438	-0.001102	0.001220	
-0.000189	0.000107	0.001009	-0.001290	0.000438	0.003205	-0.001508	0.000970	
0.000119	-0.001181	-0.000849	0.001399	-0.001102	-0.001508	0.004052	-0.004546	
-0.000109	0.001462	0.000821	-0.001453	0.001220	0.000970	-0.004546	0.005350	


