1.000000
8

1.000000	

0.000197	
-0.000122	
0.000178	
0.000066	
-0.000125	
0.000077	
-0.000104	
0.000171	


0.000001	-0.000000	0.000000	-0.000000	-0.000000	0.000000	-0.000000	0.000001	
-0.000000	0.000001	-0.000000	0.000000	0.000000	-0.000000	0.000000	-0.000000	
0.000000	-0.000000	0.000001	-0.000000	-0.000000	0.000000	-0.000000	0.000000	
-0.000000	0.000000	-0.000000	0.000001	0.000000	-0.000000	0.000000	-0.000001	
-0.000000	0.000000	-0.000000	0.000000	0.000004	-0.000002	0.000002	-0.000005	
0.000000	-0.000000	0.000000	-0.000000	-0.000002	0.000002	-0.000001	0.000003	
-0.000000	0.000000	-0.000000	0.000000	0.000002	-0.000001	0.000003	-0.000001	
0.000001	-0.000000	0.000000	-0.000001	-0.000005	0.000003	-0.000001	0.000022	


