1.000000
8

1.000000	

-0.003181	
0.001568	
0.000520	
0.000493	
0.001358	
0.000388	
0.000604	
-0.000243	


0.000008	-0.000004	0.000001	0.000004	-0.000002	-0.000002	-0.000003	-0.000002	
-0.000004	0.000005	0.000000	-0.000004	0.000004	-0.000003	0.000002	0.000005	
0.000001	0.000000	0.000002	0.000001	0.000002	-0.000002	-0.000001	0.000001	
0.000004	-0.000004	0.000001	0.000006	-0.000002	0.000001	-0.000002	-0.000005	
-0.000002	0.000004	0.000002	-0.000002	0.000020	-0.000007	0.000002	0.000003	
-0.000002	-0.000003	-0.000002	0.000001	-0.000007	0.000018	0.000008	-0.000008	
-0.000003	0.000002	-0.000001	-0.000002	0.000002	0.000008	0.000010	0.000005	
-0.000002	0.000005	0.000001	-0.000005	0.000003	-0.000008	0.000005	0.000022	


